64
1041 65 366 107 692 638 127 368 16 273 330 379 178 404 173 748 396 112 0 66 663 656 68 67 30 314 647 68 490 277 117 554 21 354 687 2 282 72 388 65 209 174 283 269 7 43 431 114 302 203 1012 70 80 91 1180 595 1082 256 3 388 73 1316 576 458 10224888 
338 27 124 33 221 212 49 115 8 92 104 132 53 142 53 249 134 32 0 28 226 211 17 23 13 106 223 18 166 85 32 190 10 122 239 3 98 25 129 17 63 55 86 86 3 19 148 33 102 57 326 20 21 33 382 190 357 76 0 109 25 415 193 162 3355042 
187 9 64 15 124 116 18 65 6 45 57 69 30 76 32 132 68 21 1 19 125 119 10 11 7 57 120 11 81 48 22 100 6 67 124 1 55 10 67 10 36 32 45 50 3 7 75 15 51 39 180 12 15 15 209 105 194 42 0 63 11 234 102 93 1827534 
1620 134 572 202 1040 1063 236 576 30 440 489 547 322 590 230 1204 620 168 0 83 963 1011 100 115 32 478 993 117 765 407 178 832 64 505 1091 3 407 141 606 99 291 288 460 368 10 75 681 208 417 288 1505 109 135 151 1746 855 1709 377 1 614 142 1966 928 660 15725318 
624 43 214 69 415 396 80 227 6 167 206 215 118 234 102 446 238 76 3 24 384 398 45 40 13 182 381 55 294 180 86 317 17 204 416 0 164 46 235 41 129 108 188 158 1 25 260 79 180 130 613 55 64 50 720 361 649 159 2 261 46 820 348 250 6214802 
222 14 68 16 149 132 27 82 5 54 68 79 40 87 35 167 74 25 1 17 143 138 15 13 7 60 128 17 104 59 26 107 4 76 141 0 59 10 73 15 45 41 53 58 2 12 87 16 62 43 211 16 20 19 249 124 230 52 0 78 12 278 116 103 2134362 
993 56 359 99 670 585 111 337 12 265 326 385 144 412 179 702 384 100 0 74 684 626 51 66 37 306 649 56 490 269 103 552 22 368 672 4 285 68 374 48 199 152 268 279 5 45 419 102 320 193 1001 53 59 90 1174 602 1030 242 3 341 71 1281 541 480 9894608 
1340 107 470 176 862 876 193 474 21 360 412 441 263 479 195 985 505 143 0 62 792 836 88 96 23 390 815 100 629 344 152 680 53 414 888 1 331 121 496 86 248 236 388 308 7 57 554 183 348 248 1256 91 115 123 1456 717 1411 324 2 526 123 1646 762 537 13022180 
82 1 28 5 58 44 6 27 0 21 29 33 10 37 17 56 32 9 0 6 61 52 4 5 3 25 54 3 40 24 10 45 2 33 54 0 25 3 31 4 18 12 23 26 0 3 34 5 29 18 87 5 5 6 102 55 83 20 0 28 4 112 42 42 822331 
275 9 93 20 189 161 24 92 4 65 90 106 40 115 57 201 101 32 1 29 202 175 11 14 12 85 174 14 131 75 35 146 7 105 176 0 79 12 99 11 51 44 71 81 3 18 118 20 82 66 277 16 20 21 325 170 280 57 0 87 14 364 143 152 2727368 
427 18 155 39 298 249 40 152 5 114 154 171 61 176 84 300 167 49 0 32 304 278 22 23 18 135 279 28 217 128 51 240 4 162 292 1 127 25 165 20 90 63 124 127 2 19 184 43 146 95 449 26 30 38 530 278 436 108 2 159 26 586 229 212 4368634 
1272 84 451 135 840 786 166 440 18 334 409 459 215 495 213 913 498 140 0 78 813 800 79 84 37 385 805 83 604 344 151 680 38 435 856 3 345 93 486 77 252 212 357 327 7 57 543 143 377 252 1240 89 98 109 1447 732 1329 308 2 479 95 1617 704 559 12593604 
624 46 209 54 417 368 76 224 11 171 196 233 122 247 98 458 225 69 1 49 407 385 38 43 25 180 383 45 307 168 72 325 14 215 411 2 172 35 219 38 122 106 159 166 6 32 252 54 182 118 601 42 48 58 705 357 649 146 0 221 37 787 328 291 6107152 
2308 140 792 237 1561 1405 268 825 18 608 787 831 384 899 405 1631 869 275 6 110 1512 1469 151 143 58 675 1421 184 1114 676 297 1199 42 800 1529 0 631 156 857 138 484 382 686 628 4 99 956 270 705 489 2339 182 212 182 2751 1403 2384 591 9 929 157 3093 1255 1005 23093520 
719 46 252 78 481 439 95 251 13 179 232 258 117 274 131 529 266 77 2 60 475 458 49 42 24 219 460 49 343 192 85 384 23 249 470 0 194 53 263 47 145 117 189 190 6 38 303 80 212 154 708 42 52 65 827 419 749 177 2 261 56 924 391 346 7157116 
789 38 283 74 545 458 78 274 8 208 275 312 113 326 150 548 304 86 0 57 559 505 40 45 33 245 518 51 396 228 90 442 13 298 539 1 233 49 299 36 162 117 222 235 2 36 335 80 265 167 818 45 52 68 965 504 810 195 4 282 52 1061 421 388 7975910 
352 19 123 31 236 206 39 121 6 92 110 133 55 142 60 254 133 35 0 28 232 218 20 23 12 106 220 18 168 90 36 189 7 125 229 1 97 21 129 19 68 57 91 94 3 16 145 32 106 66 341 20 22 31 397 203 365 82 1 119 22 437 190 166 3418884 
512 30 170 42 346 303 57 182 7 132 164 188 90 202 91 389 184 58 1 44 342 320 24 31 22 149 308 34 252 138 61 261 10 178 324 1 137 26 179 24 94 88 133 137 5 33 214 42 150 107 490 33 40 46 578 298 527 110 0 171 29 647 269 251 4986993 
2046 139 716 213 1380 1220 250 720 26 551 680 771 337 816 351 1466 760 218 1 141 1376 1285 122 130 75 610 1308 142 1019 569 227 1108 47 727 1377 5 575 144 746 115 413 323 557 563 10 98 845 223 642 404 2047 126 147 188 2406 1231 2126 507 7 740 149 2658 1103 959 20410767 
148 7 48 9 101 86 13 53 4 38 46 57 26 62 25 106 52 17 1 13 101 92 8 10 6 42 92 10 69 40 18 77 3 55 97 0 43 6 51 8 30 25 35 42 1 6 58 9 44 30 146 10 12 13 171 86 153 35 0 51 7 190 77 73 1446361 
425 38 146 50 269 285 65 152 11 111 122 137 86 151 55 322 155 42 1 24 246 264 26 30 7 122 252 31 193 98 43 209 18 128 280 0 102 36 151 26 72 81 114 91 3 21 173 50 98 69 381 26 36 38 440 212 451 94 0 154 37 497 245 174 4028242 
1234 80 431 125 817 757 148 434 21 323 385 448 214 481 202 879 465 133 1 80 788 774 79 83 35 368 767 82 576 326 139 653 28 422 813 2 334 85 455 76 246 208 330 320 8 49 504 132 353 238 1198 82 95 105 1394 699 1286 302 3 457 86 1554 680 547 12080672 
358 31 119 34 237 215 49 134 4 102 113 126 75 133 50 272 127 39 0 22 212 220 23 26 15 100 205 28 178 95 39 176 5 112 227 2 89 22 123 23 69 64 93 87 3 18 142 34 103 61 326 25 29 36 384 197 374 84 0 130 23 430 191 148 3426770 
3769 228 1329 401 2544 2253 447 1305 42 985 1260 1402 578 1501 678 2671 1418 405 5 252 2549 2386 230 236 123 1135 2419 255 1840 1051 429 2041 89 1351 2519 5 1055 271 1395 214 775 592 1049 1046 15 172 1569 427 1182 774 3814 230 270 327 4474 2289 3908 949 14 1389 281 4950 2042 1769 37690344 
920 60 322 105 607 573 122 323 13 238 297 323 164 347 152 656 352 104 0 51 576 580 68 59 23 276 578 65 424 250 113 488 27 305 612 0 248 70 347 66 190 155 259 234 5 35 382 113 263 188 900 69 78 79 1046 527 959 234 2 366 71 1180 509 390 9115213 
2494 167 866 265 1647 1562 321 885 36 655 798 877 450 947 405 1807 952 282 5 140 1553 1571 166 164 68 739 1547 179 1170 675 308 1298 75 828 1657 2 656 180 934 159 495 428 699 627 12 107 1044 286 716 498 2405 189 217 215 2806 1414 2604 609 5 966 184 3163 1384 1061 24569393 
2694 196 933 287 1782 1659 351 951 38 715 861 964 474 1044 435 1921 1010 295 5 159 1711 1689 179 181 79 792 1682 197 1279 732 316 1411 77 913 1792 6 725 197 989 171 544 452 738 695 13 113 1103 304 793 520 2619 189 218 228 3061 1542 2818 667 6 1016 201 3417 1479 1172 26543084 
431 30 148 46 282 265 52 152 8 114 132 152 84 164 68 307 162 49 1 27 266 268 28 32 12 125 267 33 199 115 54 223 14 144 284 1 114 31 159 28 86 75 115 109 3 15 175 47 120 85 413 31 35 38 480 238 451 107 0 167 33 541 235 184 4213960 
1066 86 371 111 705 660 144 386 19 294 337 390 202 414 164 787 395 113 1 73 675 667 68 72 37 315 666 77 522 284 118 563 29 357 715 5 288 76 386 66 208 180 281 268 9 51 438 114 311 196 1020 73 85 103 1195 600 1117 257 2 387 77 1330 589 474 10499668 
1044 77 373 112 689 649 144 365 24 275 328 391 181 412 173 779 395 105 1 86 691 658 64 66 37 321 676 67 510 267 110 575 29 364 713 2 291 77 387 62 200 173 269 268 10 58 448 114 304 199 1018 62 73 105 1191 594 1093 247 2 363 81 1317 583 500 10388245 
3211 187 1102 322 2183 1926 362 1140 25 842 1105 1175 512 1268 576 2263 1203 379 6 166 2150 2041 203 197 86 940 1986 247 1564 944 403 1683 50 1136 2126 0 892 211 1186 186 676 523 948 894 6 142 1328 365 999 684 3289 242 282 254 3870 1982 3310 823 13 1273 213 4332 1730 1441 32196614 
988 47 353 92 683 572 96 343 10 260 346 391 140 411 190 684 378 110 0 71 706 633 52 58 39 305 645 64 496 289 114 552 13 376 672 1 294 60 372 47 207 147 279 297 3 45 417 101 330 212 1036 59 68 84 1222 636 1013 249 5 360 63 1345 526 489 10022635 
1747 111 607 191 1180 1053 210 613 16 460 596 640 274 689 308 1227 650 196 3 98 1170 1106 114 108 51 516 1105 130 851 502 207 933 36 617 1168 1 487 128 642 105 367 278 504 483 4 75 717 210 546 362 1781 120 141 145 2091 1070 1810 451 7 676 130 2328 947 792 17522086 
932 74 315 100 620 577 122 343 11 255 302 326 179 354 145 671 335 106 4 49 575 587 69 63 27 266 567 79 446 261 115 472 24 305 608 3 244 67 330 64 194 159 256 236 5 36 367 108 274 180 899 73 87 81 1055 532 974 239 3 365 68 1187 511 389 9175493 
2681 183 944 294 1782 1666 338 941 36 713 872 968 447 1044 442 1933 1015 287 4 157 1740 1692 156 173 75 801 1687 187 1297 725 301 1421 74 919 1809 4 727 202 995 147 521 443 759 698 11 127 1123 314 786 518 2634 176 211 234 3087 1560 2794 648 7 994 207 3437 1488 1194 26525883 
743 42 266 89 491 468 92 261 8 194 242 256 132 274 125 531 291 84 0 40 453 472 52 48 20 227 467 49 339 201 93 393 24 241 487 1 193 59 287 50 150 123 215 185 4 24 311 95 216 155 716 54 62 66 829 424 773 187 2 297 60 939 416 307 7329523 
274 22 99 34 180 174 42 98 6 70 87 95 47 100 46 204 103 28 1 20 170 176 21 17 8 84 176 21 130 71 31 147 9 90 182 0 71 24 102 20 56 46 72 67 2 13 116 35 79 54 264 16 20 27 308 153 289 71 1 104 25 344 155 122 2726588 
551 42 185 55 371 325 70 201 6 154 184 202 100 215 87 403 193 61 0 36 353 341 36 37 22 156 334 40 276 155 61 284 9 186 355 3 147 36 189 35 113 91 146 145 4 24 214 56 172 104 533 38 44 53 626 325 573 138 1 202 37 697 292 246 5407891 
41 1 12 0 28 23 3 14 0 10 12 15 8 18 7 29 16 5 0 2 27 25 2 3 1 11 24 2 19 11 6 19 2 15 26 0 11 0 15 2 8 8 11 12 0 2 17 0 12 8 39 4 4 2 46 24 42 8 0 14 1 52 21 18 386844 
1206 91 411 125 798 749 157 436 19 325 384 428 236 459 190 878 446 140 4 72 757 757 81 80 36 351 738 99 576 332 152 622 30 399 801 2 324 83 438 77 239 209 334 307 8 57 496 135 340 239 1166 94 110 106 1368 683 1257 294 2 468 84 1547 659 520 11901688 
2416 157 832 236 1608 1500 294 855 39 632 773 870 421 943 399 1763 903 266 7 157 1563 1523 141 154 72 715 1498 167 1149 646 284 1257 67 827 1603 2 648 161 884 135 465 413 662 624 13 117 1005 250 693 476 2345 167 201 206 2743 1387 2515 567 4 883 167 3073 1331 1093 23747763 
2223 145 777 248 1495 1354 276 782 25 584 750 809 355 869 389 1577 830 247 4 132 1474 1411 146 137 65 662 1407 164 1080 630 262 1187 50 777 1486 2 614 167 820 136 462 356 635 602 8 98 919 269 684 459 2244 150 178 189 2632 1342 2308 569 8 854 170 2933 1214 1008 22265814 
623 40 220 76 406 396 84 217 7 161 198 208 116 226 101 446 244 71 0 30 370 392 46 42 14 187 388 43 280 166 80 324 24 197 408 0 158 51 240 45 125 107 180 150 3 21 261 81 174 128 592 48 54 53 684 346 652 156 1 253 52 779 349 248 6110597 
810 52 286 93 547 475 101 275 8 211 271 307 116 326 144 560 298 81 0 53 561 507 52 50 28 243 534 53 398 223 83 451 20 296 549 0 233 64 294 48 170 121 219 233 1 35 329 97 261 160 831 42 50 72 974 499 842 210 4 290 67 1065 434 386 8110341 
72 9 24 11 43 49 18 26 3 17 18 23 15 24 7 53 25 6 0 4 40 44 10 4 0 21 46 6 29 15 6 39 3 20 51 0 20 8 25 10 16 14 16 14 1 3 28 11 14 10 66 5 6 7 75 32 78 20 0 29 8 84 42 27 696809 
1885 119 652 201 1272 1134 222 660 20 494 637 692 297 747 331 1318 698 212 4 111 1266 1191 122 118 56 555 1193 139 911 539 224 1006 40 669 1258 1 528 135 689 113 395 301 536 523 5 79 768 220 585 390 1919 129 152 154 2250 1149 1954 484 7 724 137 2505 1018 862 18866273 
129 5 46 15 91 69 12 42 1 35 49 53 16 55 28 92 45 14 0 13 100 80 7 8 7 39 88 7 70 39 14 76 1 52 85 0 40 9 45 6 28 16 35 42 1 7 53 16 49 31 142 6 7 15 168 90 131 35 1 45 10 183 65 73 1343212 
385 30 132 38 251 231 46 131 8 101 116 140 69 154 60 263 142 41 1 26 248 236 24 31 11 110 241 28 176 100 43 201 12 136 254 1 105 27 138 24 78 66 97 102 2 12 150 38 110 70 375 24 27 30 434 215 406 96 0 141 28 480 207 173 3742354 
342 25 118 42 226 220 40 120 5 94 111 117 65 129 53 255 120 37 0 20 220 212 15 24 8 97 207 24 169 90 37 173 12 112 222 0 87 28 118 14 58 58 99 85 2 17 136 43 93 65 329 21 30 33 384 195 356 78 1 124 29 432 191 155 3331501 
1527 90 524 154 1037 917 173 542 12 401 524 558 246 602 273 1076 572 180 3 79 1020 970 97 94 41 447 945 118 743 448 192 800 25 539 1011 0 423 101 564 89 321 249 450 424 3 67 631 174 474 325 1561 115 134 121 1836 940 1575 391 6 605 102 2056 823 684 15303253 
444 28 160 53 299 268 56 153 8 114 149 165 69 173 84 325 163 47 1 39 304 283 29 27 17 137 291 30 219 121 50 247 10 159 293 0 124 35 162 27 91 68 117 122 4 23 187 55 139 97 450 24 30 45 527 269 461 114 2 161 37 584 242 222 4488819 
467 36 163 46 306 282 58 159 10 124 143 174 81 190 74 324 175 49 1 34 306 288 28 36 15 137 298 32 218 122 51 250 14 167 314 2 131 33 170 28 94 78 118 124 3 17 187 46 137 85 457 29 32 39 531 264 492 115 0 167 34 585 254 215 4582766 
1677 137 580 175 1105 1032 229 606 27 461 529 605 323 644 256 1230 623 182 1 109 1042 1046 111 117 58 491 1033 126 815 450 191 873 44 555 1113 9 445 119 608 109 333 287 444 419 14 76 686 179 489 309 1594 118 134 158 1867 939 1758 409 2 622 122 2084 920 726 16454502 
721 46 256 83 485 431 89 245 8 186 244 269 98 289 128 503 267 74 0 48 496 454 43 44 24 217 468 46 352 199 74 397 16 261 487 1 206 57 263 40 148 110 200 203 2 33 296 88 228 143 736 39 47 62 863 443 749 183 3 260 59 947 391 343 7210841 
403 34 140 42 261 245 53 137 10 107 119 148 76 160 61 281 149 42 1 29 260 246 26 32 11 117 257 30 186 102 44 215 14 141 272 1 112 30 145 26 80 69 100 105 3 15 160 42 111 72 392 25 28 35 454 221 426 100 0 147 31 503 219 183 3941004 
350 23 122 42 230 216 48 121 5 91 113 121 63 129 58 254 133 40 0 21 216 217 26 24 10 103 219 24 165 95 44 184 12 115 230 0 91 28 131 25 71 58 98 88 2 15 147 45 103 73 339 26 29 33 394 199 366 89 1 140 29 445 191 149 3464288 
1354 84 464 134 907 836 158 489 13 356 443 476 238 516 228 985 508 158 4 74 852 860 83 87 40 396 817 103 645 378 170 689 27 452 878 2 353 88 498 77 269 233 386 351 6 62 562 148 397 276 1313 104 123 113 1543 786 1402 328 4 523 91 1739 743 581 13306003 
2507 149 862 255 1699 1519 287 894 21 660 858 911 411 985 445 1769 943 299 6 125 1661 1597 163 156 64 735 1550 197 1215 737 321 1310 43 879 1665 0 694 167 930 149 529 412 743 690 5 109 1039 291 770 534 2559 196 228 199 3011 1535 2587 645 10 1007 168 3380 1360 1108 25156949 
1678 110 597 183 1104 1049 216 585 23 441 534 597 292 643 279 1206 658 186 0 99 1051 1059 106 112 47 509 1052 111 789 451 201 890 49 563 1119 4 445 125 643 103 331 283 472 423 10 71 714 194 488 334 1619 119 133 144 1886 952 1753 407 3 639 127 2115 937 721 16546987 
1637 87 585 155 1105 961 176 559 21 434 532 630 242 675 293 1161 629 166 0 124 1113 1029 86 108 60 501 1052 89 799 439 171 898 33 600 1090 6 463 105 612 81 326 255 438 455 10 72 684 160 520 318 1632 90 100 145 1910 982 1695 394 5 561 110 2091 889 785 16181849 
925 49 318 81 625 548 90 318 16 234 295 350 146 379 165 648 340 101 2 76 637 581 48 59 35 275 588 58 438 250 106 498 20 340 611 1 265 54 333 44 181 149 240 264 6 42 376 85 281 189 925 56 68 75 1084 551 956 218 4 320 58 1199 494 456 9119755 
2858 181 987 308 1921 1757 339 1018 25 759 962 1019 482 1104 489 2032 1075 331 6 137 1855 1814 179 182 69 836 1758 223 1383 820 354 1481 61 979 1896 1 771 205 1059 165 583 474 849 762 6 124 1183 343 856 589 2866 213 254 232 3366 1711 2960 721 10 1133 207 3778 1565 1239 28453783 
893 68 312 114 573 584 129 315 14 234 273 290 177 317 131 651 340 97 0 41 519 558 64 62 15 262 545 65 402 227 106 454 37 272 586 0 221 78 334 63 169 160 256 203 5 33 367 119 229 169 831 65 79 78 958 474 940 217 1 356 79 1091 508 350 8651964 
1755 111 610 191 1186 1058 210 616 16 462 599 644 274 694 310 1231 653 197 3 98 1177 1112 114 108 51 519 1112 130 855 505 208 938 37 621 1175 1 490 128 645 105 369 279 506 486 4 75 720 210 549 364 1790 121 142 145 2102 1076 1818 453 7 678 130 2340 952 796 17608023 
